 1856 -0.405 -0.486 -0.985 -0.277 -0.140  0.313 -0.009 -0.220 -0.391 -0.540 -0.985 -0.357 -0.374
 1856     13     18     16     16     15     16     14     14     17     14     16     16
 1857 -0.520 -0.035 -0.536 -0.848 -0.582 -0.186 -0.044  0.032 -0.402 -0.619 -0.791  0.341 -0.349
 1857     18     17     17     14     15     16     16     15     17     16     14     13
 1858 -0.172 -1.456 -0.732 -0.089 -0.129  0.032 -0.005 -0.226  0.023  0.293 -1.372 -0.122 -0.330
 1858     15     13     14     15     15     17     16     17     15     15     14     15
 1859 -0.195  0.362  0.176 -0.019  0.078 -0.178  0.027  0.253 -0.250 -0.199 -0.294 -0.884 -0.094
 1859     16     14     17     16     16     15     14     15     13     14     14     15
 1860  0.017 -0.672 -0.911 -0.449 -0.063  0.215  0.145 -0.160 -0.102 -0.226 -1.018 -1.141 -0.364
 1860     17     16     14     17     15     15     17     17     17     15     16     16
 1861 -1.351 -0.214 -0.213 -0.394 -0.687  0.175  0.290  0.088 -0.358 -0.117 -0.227  0.024 -0.249
 1861     16     15     15     16     15     13     14     17     15     15     15     14
 1862 -0.858 -1.092 -0.596 -0.231 -0.247 -0.383 -0.375 -0.566 -0.259 -0.367 -1.239 -1.093 -0.609
 1862     15     14     16     15     16     18     17     14     15     14     12     13
 1863  0.936  0.101 -0.375 -0.150 -0.049 -0.214 -0.520 -0.282 -0.102 -0.538 -0.344 -0.075 -0.134
 1863     13     15     15     14     15     16     13     14     13     14     14     14
 1864 -0.934 -0.584 -0.526 -0.465 -0.392  0.179  0.241  0.016 -0.286 -0.985 -0.741 -0.857 -0.444
 1864     16     16     17     17     14     18     15     14     14     15     17     16
 1865  0.052 -0.941 -0.930 -0.193  0.065  0.020  0.093 -0.251  0.415 -0.305  0.035 -0.268 -0.184
 1865     15     13     15     17     15     15     14     15     14     12     13     15
 1866  0.323 -0.037 -0.424  0.063 -0.689  0.436 -0.007 -0.216 -0.085 -0.545 -0.361 -0.235 -0.148
 1866     17     19     17     15     13     15     15     15     15     14     13     14
 1867 -0.375  0.597 -1.008 -0.267 -0.602 -0.260 -0.162 -0.001  0.057 -0.096 -0.292 -0.681 -0.257
 1867     16     15     15     16     16     17     16     14     15     15     15     17
 1868 -0.903 -0.457  0.154 -0.157  0.347  0.446  0.643  0.100 -0.269 -0.257 -0.819  0.225 -0.079
 1868     14     14     15     18     16     15     17     15     16     16     17     18
 1869  0.080  0.730 -0.691 -0.120  0.086 -0.154  0.067  0.061 -0.157 -0.685 -0.499 -0.492 -0.148
 1869     17     18     20     19     20     21     20     20     19     19     18     18
 1870  0.166 -0.527 -0.517 -0.138 -0.011 -0.006  0.201 -0.133 -0.089 -0.268  0.058 -1.102 -0.197
 1870     21     23     24     22     20     21     21     20     19     17     20     19
 1871 -0.494 -0.815  0.181  0.016 -0.176 -0.028  0.200  0.050 -0.368 -0.437 -0.941 -0.883 -0.308
 1871     18     17     18     20     20     20     21     22     20     20     18     21
 1872 -0.327 -0.344 -0.537 -0.115  0.083  0.117  0.080  0.099 -0.032 -0.221 -0.613 -0.579 -0.199
 1872     20     21     22     22     22     22     24     21     22     22     25     26
 1873 -0.032 -0.468 -0.355 -0.628 -0.506 -0.046  0.027 -0.018 -0.233 -0.506 -0.459 -0.242 -0.289
 1873     24     20     22     22     24     24     22     27     22     23     24     23
 1874  0.324 -0.405 -0.724 -0.603 -0.325  0.003  0.056 -0.131 -0.036 -0.275 -0.579 -0.365 -0.255
 1874     20     26     23     23     21     22     26     24     25     27     24     26
 1875 -0.986 -1.127 -0.904 -0.659 -0.052  0.088 -0.112 -0.141 -0.339 -0.511 -0.743 -0.471 -0.497
 1875     26     23     30     29     27     28     25     29     24     25     25     27
 1876 -0.123 -0.233 -0.565 -0.310 -0.511 -0.046  0.051 -0.062 -0.275 -0.413 -0.811 -1.056 -0.363
 1876     25     27     26     28     27     30     28     28     28     26     29     27
 1877 -0.242 -0.041 -0.440 -0.481 -0.462  0.030  0.061  0.034 -0.103 -0.289 -0.135  0.334 -0.145
 1877     26     26     28     28     26     28     27     25     27     27     26     28
 1878  0.078  0.389  0.560  0.370  0.005  0.266  0.089  0.158  0.097  0.018 -0.065 -0.417  0.129
 1878     30     32     27     31     28     30     31     33     31     29     29     31
 1879 -0.129 -0.140 -0.074 -0.196 -0.110 -0.126 -0.082 -0.285 -0.223 -0.100 -0.677 -0.752 -0.241
 1879     28     30     31     31     33     33     31     33     31     29     29     31
 1880  0.164 -0.326 -0.373 -0.179 -0.144 -0.183 -0.159 -0.081 -0.188 -0.459 -0.830 -0.421 -0.265
 1880     28     33     31     28     31     35     36     34     34     35     35     38
 1881 -0.665 -0.387 -0.380 -0.222  0.054 -0.142  0.072 -0.013 -0.177 -0.395 -0.619 -0.148 -0.252
 1881     36     40     39     36     37     38     36     37     41     37     39     35
 1882  0.203 -0.014  0.035 -0.340 -0.327 -0.303 -0.166 -0.117 -0.216 -0.423 -0.581 -0.584 -0.236
 1882     39     38     37     36     41     36     41     36     39     38     38     37
 1883 -0.711 -0.605 -0.638 -0.421 -0.303  0.012 -0.076 -0.204 -0.298 -0.390 -0.361 -0.218 -0.351
 1883     44     42     41     37     37     38     39     38     40     44     39     42
 1884 -0.399 -0.316 -0.533 -0.661 -0.346 -0.265 -0.188 -0.323 -0.319 -0.259 -0.697 -0.420 -0.394
 1884     39     40     37     37     42     39     43     39     41     39     39     38
 1885 -0.746 -0.528 -0.384 -0.410 -0.437 -0.387 -0.087 -0.320 -0.227 -0.334 -0.366 -0.053 -0.357
 1885     40     39     39     40     37     34     37     40     43     42     37     41
 1886 -0.534 -0.668 -0.499 -0.130  0.056 -0.107  0.016 -0.122 -0.173 -0.333 -0.436 -0.133 -0.255
 1886     42     38     44     36     38     42     44     44     42     44     41     41
 1887 -0.564 -0.441 -0.375 -0.412 -0.050 -0.168 -0.013 -0.221 -0.101 -0.465 -0.252 -0.258 -0.277
 1887     41     41     39     42     40     41     43     43     42     41     44     44
 1888 -0.734 -0.567 -0.674 -0.118 -0.239 -0.050 -0.101 -0.210 -0.090 -0.011 -0.275 -0.208 -0.273
 1888     40     40     44     46     45     47     45     46     43     46     43     42
 1889 -0.274 -0.188 -0.144  0.053  0.045  0.075 -0.059 -0.140 -0.255 -0.252 -0.552 -0.071 -0.147
 1889     43     43     43     44     46     43     43     45     42     43     41     43
 1890 -0.234 -0.285 -0.356 -0.201 -0.392 -0.328 -0.290 -0.338 -0.354 -0.418 -0.630 -0.476 -0.358
 1890     44     40     41     39     42     44     41     44     41     43     41     41
 1891 -0.699 -0.701 -0.474 -0.374 -0.166 -0.156 -0.081 -0.139 -0.017 -0.368 -0.715  0.081 -0.317
 1891     43     41     43     42     44     42     42     41     42     41     44     42
 1892 -0.569 -0.068 -0.632 -0.521 -0.360 -0.180 -0.287 -0.238 -0.092 -0.359 -0.781 -0.977 -0.422
 1892     42     42     46     42     42     42     42     43     46     43     45     43
 1893 -1.563 -1.129 -0.503 -0.499 -0.554 -0.195 -0.094 -0.243 -0.224 -0.151 -0.359 -0.291 -0.484
 1893     42     43     43     43     43     45     45     45     44     42     44     41
 1894 -0.578 -0.305 -0.312 -0.385 -0.281 -0.392 -0.215 -0.238 -0.400 -0.345 -0.549 -0.452 -0.371
 1894     44     42     43     43     43     47     44     44     50     45     43     45
 1895 -0.770 -1.038 -0.574 -0.325 -0.304 -0.286 -0.256 -0.271 -0.032 -0.165 -0.251 -0.273 -0.379
 1895     46     45     43     41     45     42     44     45     45     49     45     46
 1896 -0.275 -0.217 -0.619 -0.522  0.008  0.038 -0.049 -0.049 -0.049 -0.019 -0.539 -0.181 -0.206
 1896     49     47     45     47     45     49     49     48     51     48     49     47
 1897 -0.401 -0.240 -0.584 -0.117  0.091 -0.077  0.047 -0.018  0.083 -0.097 -0.521 -0.541 -0.198
 1897     47     46     44     46     51     50     48     49     53     48     49     51
 1898  0.117 -0.392 -1.038 -0.437 -0.276 -0.119 -0.066 -0.063 -0.060 -0.353 -0.384 -0.193 -0.272
 1898     50     48     50     48     52     50     51     53     51     50     48     51
 1899 -0.004 -0.626 -0.670 -0.191 -0.154 -0.244 -0.062 -0.039 -0.021  0.095  0.327 -0.492 -0.173
 1899     52     48     48     50     51     50     51     51     55     49     49     54
 1900 -0.367 -0.461 -0.283 -0.279 -0.075 -0.055 -0.128 -0.038 -0.067  0.216 -0.279  0.098 -0.143
 1900     48     47     46     48     48     49     52     49     49     49     52     51
 1901 -0.191 -0.273 -0.069  0.011 -0.073 -0.026  0.058 -0.019 -0.330 -0.275 -0.391 -0.480 -0.171
 1901     52     55     51     51     50     49     50     50     51     51     48     52
 1902  0.049 -0.128 -0.406 -0.566 -0.414 -0.357 -0.360 -0.209 -0.309 -0.365 -0.541 -0.694 -0.358
 1902     50     48     51     52     51     53     51     55     54     51     54     51
 1903 -0.152  0.077 -0.377 -0.440 -0.446 -0.485 -0.458 -0.474 -0.515 -0.492 -0.536 -0.664 -0.414
 1903     49     52     53     48     54     54     54     52     51     50     50     50
 1904 -0.692 -0.519 -0.681 -0.650 -0.457 -0.474 -0.471 -0.377 -0.442 -0.235 -0.094 -0.249 -0.445
 1904     52     51     51     52     54     51     52     51     54     53     51     53
 1905 -0.501 -0.848 -0.593 -0.604 -0.307 -0.227 -0.109 -0.203 -0.119 -0.256 -0.048 -0.177 -0.333
 1905     53     55     54     56     55     55     58     55     56     55     59     57
 1906 -0.174 -0.478 -0.419 -0.055 -0.135 -0.034 -0.159 -0.106 -0.200 -0.217 -0.474 -0.095 -0.212
 1906     55     57     57     57     56     57     54     59     55     56     56     54
 1907 -0.580 -0.693 -0.520 -0.733 -0.753 -0.571 -0.381 -0.443 -0.321 -0.233 -0.620 -0.464 -0.526
 1907     55     57     54     55     54     57     57     58     59     57     60     59
 1908 -0.341 -0.411 -0.815 -0.546 -0.438 -0.255 -0.307 -0.353 -0.235 -0.425 -0.577 -0.489 -0.433
 1908     58     58     59     58     56     55     60     61     57     60     60     58
 1909 -0.592 -0.493 -0.711 -0.654 -0.472 -0.429 -0.434 -0.206 -0.119 -0.191 -0.063 -0.498 -0.405
 1909     57     56     58     57     58     55     60     54     57     56     59     57
 1910 -0.166 -0.443 -0.316 -0.363 -0.421 -0.398 -0.243 -0.348 -0.302 -0.333 -0.598 -0.633 -0.380
 1910     59     59     57     57     56     59     59     58     56     59     59     57
 1911 -0.548 -0.666 -0.733 -0.638 -0.406 -0.297 -0.293 -0.212 -0.163 -0.302 -0.294 -0.248 -0.400
 1911     60     61     58     58     57     56     57     61     56     60     57     57
 1912 -0.449 -0.284 -0.714 -0.424 -0.303 -0.176 -0.430 -0.610 -0.617 -0.753 -0.560 -0.470 -0.482
 1912     60     58     58     56     61     60     62     61     61     59     60     59
 1913 -0.399 -0.705 -0.664 -0.506 -0.564 -0.563 -0.484 -0.274 -0.338 -0.474 -0.074  0.046 -0.417
 1913     59     59     59     60     59     62     59     57     58     60     58     62
 1914  0.168 -0.184 -0.413 -0.476 -0.189 -0.222 -0.163 -0.261 -0.266 -0.007 -0.411 -0.505 -0.244
 1914     61     61     59     56     54     54     55     47     45     49     47     47
 1915 -0.123  0.115 -0.652 -0.008 -0.162 -0.013 -0.017 -0.084 -0.059 -0.253 -0.060 -0.165 -0.123
 1915     47     43     47     47     46     47     50     52     53     48     46     50
 1916 -0.126 -0.224 -0.763 -0.333 -0.398 -0.422 -0.079 -0.218 -0.369 -0.289 -0.395 -0.859 -0.373
 1916     49     51     49     51     55     54     52     54     54     51     52     53
 1917 -0.487 -0.947 -1.067 -0.586 -0.772 -0.342 -0.190 -0.170 -0.085 -0.455 -0.183 -1.095 -0.532
 1917     58     50     50     51     55     53     56     56     56     58     51     52
 1918 -0.521 -0.448 -0.483 -0.643 -0.671 -0.431 -0.266 -0.360 -0.273  0.003 -0.352 -0.549 -0.416
 1918     54     50     45     42     46     47     52     51     48     48     48     49
 1919 -0.276 -0.312 -0.575 -0.243 -0.478 -0.263 -0.222 -0.170 -0.036 -0.262 -0.784 -0.719 -0.362
 1919     49     54     53     50     52     50     52     50     53     55     53     49
 1920 -0.236 -0.446 -0.117 -0.380 -0.142 -0.206 -0.190 -0.118 -0.131 -0.265 -0.569 -0.553 -0.279
 1920     50     51     51     50     53     54     59     56     53     56     56     55
 1921  0.157 -0.271 -0.161 -0.094 -0.087 -0.003  0.083 -0.182 -0.206 -0.096 -0.568 -0.236 -0.139
 1921     56     57     60     61     59     57     58     61     60     59     59     63
 1922 -0.445 -0.457 -0.361 -0.355 -0.158 -0.140 -0.228 -0.202 -0.255 -0.231 -0.209 -0.340 -0.282
 1922     65     63     60     60     60     61     62     60     61     61     64     66
 1923 -0.085 -0.733 -0.556 -0.685 -0.294 -0.235 -0.260 -0.334 -0.141 -0.005  0.174  0.089 -0.255
 1923     64     64     66     64     65     62     63     64     61     62     60     63
 1924 -0.364 -0.332 -0.369 -0.409 -0.209 -0.148 -0.172 -0.161 -0.150 -0.149 -0.219 -0.609 -0.274
 1924     61     62     61     60     64     65     64     63     66     61     62     61
 1925 -0.358 -0.268 -0.253 -0.181 -0.189 -0.190 -0.177 -0.050  0.050 -0.214 -0.067  0.105 -0.149
 1925     62     60     60     63     62     61     64     62     64     63     64     67
 1926  0.339  0.162 -0.014 -0.276 -0.169 -0.094 -0.065 -0.001 -0.004  0.043 -0.022 -0.234 -0.028
 1926     64     63     63     63     61     63     63     65     64     67     66     64
 1927 -0.257 -0.085 -0.446 -0.300 -0.193 -0.040  0.036 -0.009  0.067  0.163 -0.157 -0.603 -0.152
 1927     66     64     70     68     67     66     71     70     68     71     68     67
 1928  0.071 -0.134 -0.538 -0.470 -0.114 -0.238 -0.048 -0.127 -0.045 -0.064 -0.042 -0.115 -0.155
 1928     67     66     69     68     69     67     70     69     69     67     70     70
 1929 -0.598 -1.131 -0.385 -0.439 -0.290 -0.244 -0.194 -0.081 -0.117  0.047 -0.035 -0.675 -0.345
 1929     70     66     70     68     71     65     70     72     70     73     73     70
 1930 -0.332 -0.170 -0.109 -0.184 -0.198 -0.088  0.092  0.159  0.020  0.006  0.209 -0.031 -0.052
 1930     72     70     73     71     72     71     72     74     72     70     68     72
 1931  0.026 -0.431 -0.224 -0.190 -0.122  0.165  0.186  0.143  0.152  0.222  0.019 -0.003 -0.005
 1931     69     68     71     72     73     71     74     73     73     71     73     73
 1932  0.394 -0.379 -0.504 -0.085 -0.146 -0.009 -0.005  0.098  0.163  0.119 -0.239 -0.168 -0.063
 1932     71     73     73     71     75     73     72     74     74     73     68     73
 1933 -0.398 -0.522 -0.520 -0.244 -0.204 -0.109  0.089  0.030 -0.054 -0.085 -0.231 -0.626 -0.240
 1933     76     74     76     76     77     77     78     80     81     77     79     78
 1934 -0.208  0.092 -0.473 -0.286  0.019  0.040  0.032 -0.026 -0.076  0.068  0.117 -0.047 -0.062
 1934     76     77     79     77     75     76     78     80     79     78     77     77
 1935 -0.443  0.467 -0.227 -0.338 -0.277 -0.088  0.024  0.039  0.003  0.153 -0.402 -0.269 -0.113
 1935     76     78     78     77     79     79     80     79     79     79     77     79
 1936 -0.309 -0.616 -0.314 -0.232 -0.015  0.061  0.234  0.142  0.143  0.062  0.058  0.149 -0.053
 1936     78     80     80     76     79     80     79     80     79     79     79     78
 1937 -0.181  0.078 -0.414 -0.126  0.061  0.171  0.246  0.291  0.376  0.361  0.095 -0.173  0.065
 1937     80     79     77     77     78     80     81     80     79     78     78     77
 1938  0.157  0.188  0.249  0.312  0.038  0.016  0.163  0.317  0.345  0.363  0.241 -0.318  0.173
 1938     78     77     78     77     78     78     76     78     76     74     76     76
 1939 -0.059  0.030 -0.321 -0.061 -0.048  0.070  0.149  0.148  0.144 -0.100  0.095  0.545  0.050
 1939     77     76     74     76     76     75     76     78     76     75     76     72
 1940 -0.662 -0.184 -0.268  0.061 -0.131 -0.011  0.119 -0.052  0.138  0.007 -0.024  0.078 -0.077
 1940     73     72     69     70     69     71     72     68     70     67     66     70
 1941 -0.058  0.142 -0.166  0.006 -0.053  0.043  0.079  0.069 -0.040  0.277 -0.070 -0.118  0.009
 1941     73     74     74     72     71     74     73     75     73     71     69     63
 1942  0.039 -0.210 -0.148 -0.005 -0.023  0.109  0.058  0.003  0.122  0.279  0.113 -0.023  0.026
 1942     73     75     72     76     75     76     75     75     71     73     74     70
 1943 -0.362  0.171 -0.319  0.113  0.193 -0.028  0.110  0.154  0.100  0.305  0.129  0.346  0.076
 1943     70     71     71     71     70     73     72     75     76     76     74     76
 1944  0.553  0.367  0.177  0.051  0.245  0.150  0.161  0.183  0.388  0.378  0.081 -0.166  0.214
 1944     80     78     81     82     80     80     80     81     80     81     80     77
 1945 -0.033 -0.138 -0.027  0.123 -0.063  0.041  0.076  0.230  0.154  0.229  0.105 -0.260  0.037
 1945     76     78     77     76     76     77     76     78     74     75     77     80
 1946  0.320  0.221 -0.140  0.241 -0.152 -0.070  0.010 -0.066  0.071  0.049 -0.007 -0.477  0.000
 1946     74     74     70     73     71     75     75     76     71     74     78     75
 1947 -0.250 -0.223 -0.019  0.055 -0.094 -0.093 -0.025  0.029  0.058  0.379  0.120 -0.155 -0.018
 1947     78     81     79     78     81     79     80     82     78     76     77     75
 1948  0.308 -0.130 -0.282  0.043  0.161  0.138 -0.034  0.062  0.070  0.143  0.068 -0.238  0.026
 1948     80     75     77     72     75     77     78     79     78     80     77     79
 1949  0.316 -0.133 -0.224  0.076  0.027 -0.076 -0.046  0.090 -0.010  0.136  0.040 -0.264 -0.006
 1949     84     83     84     83     84     85     86     87     87     87     87     86
 1950 -0.427 -0.284 -0.136 -0.192 -0.051 -0.062 -0.155 -0.131 -0.012 -0.030 -0.415 -0.130 -0.169
 1950     85     86     88     86     87     86     87     87     88     85     87     88
 1951 -0.353 -0.568 -0.321  0.023  0.097  0.014  0.118  0.230  0.266  0.244  0.052  0.361  0.013
 1951     89     89     90     90     88     89     89     92     92     92     91     91
 1952  0.187  0.079 -0.307  0.102  0.104  0.193  0.127  0.106  0.145  0.008 -0.304 -0.048  0.033
 1952     91     92     91     93     92     91     92     92     92     92     92     90
 1953  0.149  0.236  0.145  0.236  0.146  0.193  0.202  0.211  0.178  0.227 -0.043  0.132  0.168
 1953     92     91     91     91     91     92     93     94     92     92     92     90
 1954 -0.315 -0.083 -0.281 -0.152 -0.161  0.026 -0.029  0.030  0.085  0.070  0.193 -0.229 -0.070
 1954     91     90     91     91     91     92     92     92     93     94     92     90
 1955  0.290 -0.093 -0.528 -0.241 -0.022 -0.001  0.028  0.112  0.015  0.103 -0.189 -0.253 -0.065
 1955     90     90     93     91     91     92     93     94     94     93     93     91
 1956 -0.105 -0.432 -0.397 -0.278 -0.249 -0.185 -0.192 -0.164 -0.250 -0.166 -0.323 -0.295 -0.253
 1956     91     92     92     93     92     93     92     94     94     94     94     93
 1957 -0.209 -0.144 -0.257 -0.131 -0.078  0.085  0.104  0.170  0.167  0.036  0.110  0.342  0.016
 1957     94     93     94     95     93     92     94     95     94     95     94     93
 1958  0.499  0.258  0.093  0.055  0.101  0.067  0.066  0.136  0.068  0.097  0.118  0.135  0.141
 1958     93     94     94     95     95     94     96     95     95     95     95     93
 1959  0.221  0.069  0.114  0.109  0.000  0.128  0.079  0.090  0.136 -0.080 -0.233 -0.025  0.051
 1959     95     95     94     94     95     95     95     95     95     94     95     95
 1960  0.021  0.394 -0.510 -0.138 -0.040  0.166  0.119  0.142  0.133  0.045 -0.094  0.263  0.042
 1960     95     95     94     95     95     94     95     96     95     95     95     95
 1961  0.077  0.213  0.057  0.063  0.094  0.157  0.051  0.042 -0.051 -0.129 -0.054 -0.135  0.032
 1961     94     95     94     95     94     95     95     96     95     95     94     94
 1962  0.130  0.228  0.078  0.076  0.034 -0.093  0.102  0.055  0.033  0.146  0.033  0.115  0.078
 1962     95     95     95     95     95     95     95     96     96     95     95     95
 1963  0.053  0.426 -0.187 -0.013 -0.029  0.015  0.152  0.205  0.169  0.384  0.351  0.028  0.129
 1963     95     95     95     95     95     95     95     96     96     95     95     95
 1964  0.015 -0.231 -0.429 -0.301 -0.040 -0.058 -0.047 -0.200 -0.253 -0.286 -0.189 -0.373 -0.200
 1964     95     95     95     95     95     95     95     96     96     95     95     95
 1965 -0.127 -0.452 -0.195 -0.312 -0.137 -0.154 -0.153 -0.174 -0.127  0.023 -0.112 -0.033 -0.163
 1965     95     95     95     95     95     95     95     96     96     95     95     95
 1966 -0.101  0.020  0.014 -0.175 -0.051  0.074  0.113  0.136  0.132  0.043 -0.070 -0.277 -0.012
 1966     95     95     95     95     95     95     96     97     97     96     96     95
 1967 -0.157 -0.315 -0.015 -0.033  0.116 -0.005  0.066  0.108  0.011  0.262 -0.013 -0.014  0.001
 1967     95     95     95     95     95     95     96     96     97     96     95     95
 1968 -0.316 -0.176  0.281 -0.070 -0.015  0.021  0.005 -0.008  0.021  0.024 -0.080 -0.211 -0.044
 1968     95     94     95     95     95     95     96     97     97     96     95     95
 1969 -0.492 -0.386 -0.111  0.072  0.040 -0.010  0.097  0.059  0.041 -0.002  0.146  0.236 -0.026
 1969     95     95     95     95     95     95     96     96     96     96     95     95
 1970 -0.037  0.189 -0.178  0.014 -0.028  0.032 -0.033 -0.006 -0.034 -0.157 -0.054 -0.324 -0.051
 1970     95     95     95     95     95     95     96     96     97     96     95     95
 1971 -0.051 -0.365 -0.399 -0.248 -0.206 -0.177 -0.167 -0.168 -0.160 -0.117  0.023 -0.184 -0.185
 1971     95     95     95     95     95     95     96     96     97     95     95     95
 1972 -0.686 -0.587 -0.261 -0.139 -0.172 -0.090 -0.062 -0.009 -0.187 -0.037 -0.158 -0.114 -0.209
 1972     95     95     95     95     94     95     95     96     96     95     94     95
 1973  0.003  0.251  0.166  0.054  0.085  0.090  0.029 -0.025 -0.088 -0.039 -0.081 -0.018  0.036
 1973     95     95     95     95     95     95     95     96     96     95     95     95
 1974 -0.475 -0.430 -0.229 -0.158 -0.195 -0.120 -0.112 -0.142 -0.151 -0.239 -0.209 -0.313 -0.231
 1974     95     95     95     95     95     95     96     96     96     96     95     95
 1975  0.037 -0.052 -0.026 -0.060 -0.041 -0.110 -0.096 -0.121 -0.078 -0.185 -0.318 -0.293 -0.112
 1975     95     95     95     95     95     95     95     96     96     95     95     94
 1976 -0.075 -0.344 -0.560 -0.097 -0.269 -0.210 -0.217 -0.201 -0.146 -0.480 -0.333 -0.304 -0.270
 1976     94     94     95     95     95     95     95     96     96     95     94     94
 1977 -0.349  0.021  0.195  0.154  0.096  0.183  0.035 -0.013  0.117 -0.033  0.226 -0.071  0.047
 1977     94     94     94     94     94     95     96     95     96     95     94     94
 1978  0.083  0.048  0.010  0.016 -0.125 -0.167 -0.118 -0.150 -0.042 -0.053  0.069 -0.086 -0.043
 1978     95     95     95     94     94     94     95     96     96     95     95     94
 1979 -0.068 -0.272  0.001 -0.178 -0.039  0.121  0.055  0.049  0.169  0.190  0.130  0.438  0.050
 1979     94     93     95     94     95     95     94     96     96     95     93     94
 1980  0.075  0.144 -0.164  0.087  0.198  0.189  0.121  0.073  0.036  0.029  0.236  0.035  0.088
 1980     94     94     93     94     94     95     95     95     95     94     93     92
 1981  0.578  0.414  0.463  0.212  0.085  0.197  0.087  0.118  0.138  0.100  0.139  0.366  0.241
 1981     94     95     95     94     94     95     95     96     95     95     95     94
 1982 -0.150 -0.018 -0.164  0.068  0.049 -0.007 -0.007 -0.074  0.051  0.015 -0.142  0.227 -0.013
 1982     94     94     94     94     95     94     95     96     95     95     95     94
 1983  0.380  0.254  0.166  0.062  0.014  0.135  0.222  0.254  0.204  0.109  0.449  0.070  0.193
 1983     94     94     94     94     94     94     95     96     96     95     95     95
 1984  0.097 -0.094  0.070 -0.008  0.152  0.041  0.067  0.097 -0.044 -0.076 -0.228 -0.545 -0.039
 1984     94     94     94     94     94     95     95     96     96     95     95     95
 1985 -0.028 -0.410 -0.205 -0.099 -0.004 -0.040 -0.117 -0.025 -0.038 -0.032 -0.090  0.002 -0.090
 1985     94     95     94     94     94     95     95     95     96     95     95     94
 1986  0.259  0.177  0.058  0.094  0.100  0.101  0.030  0.042  0.042  0.056 -0.098  0.020  0.073
 1986     95     94     94     95     95     94     95     95     96     95     95     95
 1987  0.153  0.476 -0.082  0.040  0.187  0.174  0.292  0.262  0.354  0.170  0.097  0.519  0.220
 1987     95     94     95     95     94     95     96     96     96     95     95     95
 1988  0.410  0.190  0.325  0.377  0.266  0.353  0.338  0.256  0.194  0.169  0.069  0.274  0.268
 1988     94     94     95     94     94     94     95     96     96     95     95     95
 1989  0.030  0.184  0.177  0.160  0.150  0.218  0.313  0.254  0.226  0.277  0.103  0.281  0.198
 1989     94     94     94     94     95     95     96     96     96     95     95     94
 1990  0.289  0.356  0.823  0.444  0.328  0.385  0.310  0.395  0.395  0.459  0.482  0.326  0.416
 1990     93     93     93     93     93     93     94     96     95     94     94     93
 1991  0.404  0.520  0.175  0.480  0.284  0.377  0.379  0.300  0.276  0.260  0.156  0.101  0.309
 1991     93     92     93     92     92     93     91     94     93     93     89     90
 1992  0.536  0.386  0.282  0.037  0.114  0.090  0.006  0.013 -0.080  0.000 -0.070  0.156  0.123
 1992     91     91     90     91     92     92     91     93     92     92     92     92
 1993  0.384  0.425  0.280  0.161  0.239  0.223  0.158  0.098  0.007  0.152 -0.145  0.270  0.188
 1993     90     91     91     92     91     92     92     93     93     93     92     91
 1994  0.251 -0.157  0.300  0.347  0.315  0.349  0.332  0.370  0.348  0.495  0.439  0.340  0.311
 1994     93     93     92     91     92     92     93     94     94     93     93     92
 1995  0.670  0.854  0.484  0.444  0.318  0.489  0.425  0.547  0.377  0.507  0.430  0.354  0.492
 1995     92     92     93     93     92     93     93     94     94     93     93     92
 1996  0.169  0.420  0.089  0.085  0.262  0.309  0.360  0.194  0.172  0.111  0.133  0.336  0.220
 1996     91     90     90     90     89     90     90     92     92     92     90     91
 1997  0.315  0.498  0.428  0.406  0.381  0.543  0.543  0.543  0.532  0.618  0.470  0.541  0.485
 1997     91     91     91     91     90     91     91     92     91     91     92     90
 1998  0.501  1.040  0.535  0.754  0.634  0.719  0.785  0.792  0.594  0.559  0.375  0.673  0.663
 1998     90     92     92     91     91     92     92     93     92     92     91     92
 1999  0.540  0.934  0.165  0.515  0.369  0.385  0.427  0.375  0.398  0.426  0.357  0.684  0.465
 1999     91     91     92     91     91     92     93     93     93     93     92     92
 2000  0.269  0.636  0.577  0.667  0.507  0.372  0.441  0.504  0.395  0.229  0.095  0.173  0.405
 2000     91     91     90     90     91     90     92     93     92     92     91     91
 2001  0.429  0.308  0.632  0.523  0.610  0.528  0.593  0.642  0.500  0.553  0.808  0.456  0.548
 2001     90     89     90     90     88     90     91     93     91     91     91     90
 2002  0.934  1.059  0.787  0.457  0.453  0.603  0.627  0.483  0.573  0.415  0.572  0.266  0.602
 2002     89     90     90     90     90     89     91     92     92     92     92     90
 2003  0.701  0.453  0.412  0.435  0.576  0.501  0.614  0.748  0.704  0.835  0.525  0.834  0.612
 2003     91     90     90     90     90     91     91     92     92     91     91     91
 2004  0.689  0.860  0.713  0.592  0.436  0.499  0.545  0.579  0.620  0.652  0.888  0.477  0.629
 2004     91     90     90     89     90     89     91     91     92     90     89     90
 2005  0.634  0.353  0.609  0.733  0.646  0.704  0.758  0.641  0.796  0.743  0.776  0.383  0.648
 2005     89     89     88     87     89     90     91     92     92     88     90     87


