 1856 -0.384 -0.457 -0.673 -0.344 -0.311 -0.071 -0.246 -0.235 -0.380 -0.418 -0.670 -0.386 -0.381
 1856     16     17     16     16     15     14     15     15     17     16     16     17
 1857 -0.437 -0.150 -0.528 -0.692 -0.629 -0.363 -0.375 -0.328 -0.495 -0.646 -0.754 -0.137 -0.461
 1857     19     17     19     17     18     17     17     16     18     17     16     16
 1858 -0.452 -1.031 -0.643 -0.328 -0.311 -0.263 -0.248 -0.274 -0.203 -0.121 -0.913 -0.197 -0.415
 1858     18     16     17     15     17     16     17     16     16     15     15     16
 1859 -0.249 -0.041 -0.082 -0.172 -0.085 -0.278 -0.220 -0.132 -0.436 -0.234 -0.288 -0.486 -0.225
 1859     16     18     16     15     16     16     15     16     15     16     15     16
 1860 -0.070 -0.526 -0.599 -0.420 -0.273 -0.063 -0.182 -0.256 -0.213 -0.326 -0.696 -0.813 -0.370
 1860     19     16     16     19     17     16     17     18     17     17     18     18
 1861 -0.858 -0.415 -0.431 -0.443 -0.735 -0.169 -0.227 -0.131 -0.377 -0.375 -0.434 -0.209 -0.400
 1861     18     17     16     14     14     15     15     16     17     17     16     16
 1862 -0.711 -0.817 -0.435 -0.232 -0.194 -0.322 -0.466 -0.623 -0.345 -0.382 -0.932 -0.768 -0.519
 1862     17     15     17     16     17     18     18     17     19     18     15     15
 1863  0.263 -0.063 -0.379 -0.187 -0.320 -0.365 -0.510 -0.359 -0.291 -0.431 -0.362 -0.276 -0.273
 1863     16     15     17     16     19     19     17     17     16     16     15     15
 1864 -0.834 -0.604 -0.516 -0.482 -0.399 -0.200 -0.138 -0.332 -0.394 -0.711 -0.507 -0.587 -0.475
 1864     17     17     17     17     16     19     18     19     16     17     18     18
 1865 -0.125 -0.615 -0.597 -0.135 -0.152 -0.227 -0.153 -0.267  0.002 -0.358 -0.200 -0.324 -0.263
 1865     17     16     15     16     17     17     15     17     15     15     16     17
 1866  0.095 -0.173 -0.396 -0.119 -0.533  0.078 -0.089 -0.282 -0.224 -0.364 -0.294 -0.368 -0.222
 1866     18     17     15     16     15     16     17     16     16     15     15     16
 1867 -0.306  0.087 -0.665 -0.235 -0.452 -0.316 -0.267 -0.218 -0.073 -0.177 -0.317 -0.540 -0.290
 1867     15     16     18     17     16     17     17     16     16     17     18     17
 1868 -0.718 -0.382  0.004 -0.281 -0.029 -0.113  0.067 -0.135 -0.234 -0.247 -0.517 -0.098 -0.224
 1868     17     16     18     18     18     19     20     20     22     21     22     21
 1869 -0.159  0.241 -0.602 -0.232 -0.210 -0.372 -0.295 -0.228 -0.252 -0.581 -0.489 -0.487 -0.305
 1869     19     19     21     21     20     20     19     22     22     23     22     23
 1870 -0.072 -0.462 -0.426 -0.246 -0.260 -0.242 -0.110 -0.216 -0.248 -0.352 -0.133 -0.729 -0.291
 1870     26     26     24     24     22     22     25     23     22     20     21     22
 1871 -0.349 -0.528 -0.058 -0.157 -0.215 -0.216 -0.129 -0.218 -0.437 -0.505 -0.613 -0.643 -0.339
 1871     21     19     21     24     22     21     22     25     21     22     23     25
 1872 -0.378 -0.385 -0.469 -0.163 -0.109 -0.117 -0.206 -0.146 -0.171 -0.269 -0.359 -0.385 -0.263
 1872     26     22     23     25     26     24     24     24     24     25     24     29
 1873 -0.090 -0.397 -0.365 -0.414 -0.433 -0.187 -0.138 -0.183 -0.302 -0.541 -0.508 -0.397 -0.330
 1873     26     22     24     24     25     24     26     28     24     25     28     25
 1874 -0.033 -0.407 -0.569 -0.573 -0.470 -0.300 -0.111 -0.342 -0.248 -0.476 -0.564 -0.425 -0.376
 1874     24     24     25     25     22     22     27     25     26     30     25     27
 1875 -0.665 -0.673 -0.561 -0.457 -0.099 -0.162 -0.330 -0.233 -0.390 -0.463 -0.533 -0.493 -0.422
 1875     27     26     28     26     24     25     27     27     24     26     26     27
 1876 -0.320 -0.361 -0.451 -0.407 -0.548 -0.387 -0.272 -0.239 -0.456 -0.465 -0.739 -0.812 -0.455
 1876     26     27     26     23     26     29     29     27     23     27     28     28
 1877 -0.401 -0.085 -0.310 -0.442 -0.530 -0.155 -0.136 -0.165 -0.121 -0.157 -0.186  0.142 -0.212
 1877     26     25     28     26     25     26     26     26     28     26     27     29
 1878  0.009  0.204  0.341  0.159 -0.125 -0.066 -0.134 -0.116 -0.113 -0.169 -0.274 -0.430 -0.060
 1878     29     28     26     28     26     27     29     31     31     28     29     32
 1879 -0.244 -0.254 -0.145 -0.330 -0.279 -0.222 -0.166 -0.298 -0.220 -0.217 -0.537 -0.555 -0.289
 1879     29     30     31     31     33     33     31     33     31     30     31     32
 1880 -0.108 -0.264 -0.300 -0.217 -0.334 -0.382 -0.280 -0.112 -0.274 -0.434 -0.557 -0.280 -0.295
 1880     33     33     32     29     30     33     35     33     33     34     35     38
 1881 -0.506 -0.354 -0.231 -0.174 -0.020 -0.211 -0.029 -0.104 -0.221 -0.351 -0.497 -0.246 -0.245
 1881     35     36     37     34     33     33     34     36     36     36     37     37
 1882 -0.070 -0.123 -0.070 -0.276 -0.266 -0.321 -0.221 -0.166 -0.252 -0.365 -0.489 -0.530 -0.262
 1882     38     36     38     37     37     35     39     35     37     37     35     38
 1883 -0.480 -0.382 -0.437 -0.327 -0.317 -0.043 -0.146 -0.241 -0.335 -0.435 -0.348 -0.315 -0.317
 1883     42     40     39     35     35     36     40     38     39     41     38     40
 1884 -0.402 -0.300 -0.362 -0.444 -0.345 -0.344 -0.243 -0.198 -0.290 -0.300 -0.559 -0.384 -0.348
 1884     38     39     38     38     40     38     39     38     38     39     38     39
 1885 -0.551 -0.481 -0.343 -0.426 -0.386 -0.432 -0.268 -0.301 -0.241 -0.309 -0.311 -0.150 -0.350
 1885     39     38     36     36     35     32     36     39     37     39     34     40
 1886 -0.340 -0.490 -0.339 -0.140 -0.061 -0.236 -0.138 -0.134 -0.202 -0.341 -0.362 -0.290 -0.256
 1886     37     37     38     35     35     41     39     41     38     42     39     42
 1887 -0.439 -0.483 -0.363 -0.426 -0.262 -0.302 -0.151 -0.278 -0.259 -0.465 -0.365 -0.357 -0.346
 1887     42     40     39     39     39     37     40     41     40     39     42     40
 1888 -0.629 -0.512 -0.556 -0.281 -0.301 -0.234 -0.265 -0.260 -0.139 -0.114 -0.218 -0.234 -0.312
 1888     38     39     41     43     40     41     43     43     41     43     42     42
 1889 -0.195 -0.144 -0.142 -0.120 -0.036 -0.088 -0.200 -0.266 -0.270 -0.351 -0.436 -0.185 -0.203
 1889     42     42     40     39     41     39     39     40     38     39     39     41
 1890 -0.347 -0.308 -0.334 -0.315 -0.454 -0.398 -0.406 -0.406 -0.466 -0.472 -0.596 -0.423 -0.410
 1890     43     36     37     39     40     39     37     41     36     37     36     38
 1891 -0.583 -0.555 -0.422 -0.364 -0.256 -0.285 -0.312 -0.258 -0.167 -0.319 -0.537 -0.163 -0.352
 1891     40     37     36     36     39     36     34     34     34     34     38     38
 1892 -0.477 -0.099 -0.453 -0.481 -0.407 -0.250 -0.397 -0.351 -0.232 -0.439 -0.571 -0.746 -0.408
 1892     37     39     39     36     36     35     35     36     36     35     37     36
 1893 -1.032 -0.803 -0.386 -0.538 -0.518 -0.342 -0.185 -0.314 -0.300 -0.259 -0.368 -0.329 -0.448
 1893     37     36     38     38     37     35     36     38     38     38     37     36
 1894 -0.422 -0.333 -0.370 -0.407 -0.435 -0.467 -0.342 -0.358 -0.500 -0.417 -0.474 -0.408 -0.411
 1894     39     37     38     38     37     39     38     39     41     39     36     41
 1895 -0.567 -0.688 -0.465 -0.356 -0.353 -0.291 -0.384 -0.257 -0.205 -0.245 -0.274 -0.267 -0.363
 1895     41     39     39     37     38     40     39     41     40     44     39     42
 1896 -0.241 -0.200 -0.412 -0.358 -0.096 -0.133 -0.145 -0.148 -0.155 -0.099 -0.311 -0.091 -0.199
 1896     44     42     44     39     38     43     42     40     41     41     44     42
 1897 -0.290 -0.168 -0.323 -0.095 -0.011 -0.076 -0.111 -0.119 -0.105 -0.149 -0.414 -0.350 -0.184
 1897     40     40     39     41     44     42     40     42     44     43     41     41
 1898 -0.053 -0.297 -0.770 -0.396 -0.398 -0.205 -0.269 -0.255 -0.258 -0.446 -0.461 -0.265 -0.339
 1898     43     41     41     41     44     42     43     43     41     43     42     44
 1899 -0.247 -0.505 -0.518 -0.294 -0.250 -0.291 -0.173 -0.151 -0.115 -0.135  0.054 -0.404 -0.252
 1899     43     41     43     42     45     44     42     44     46     44     43     46
 1900 -0.302 -0.269 -0.339 -0.250 -0.159 -0.067 -0.153 -0.173 -0.140 -0.038 -0.312 -0.089 -0.191
 1900     43     40     39     40     42     40     41     42     41     43     44     44
 1901 -0.134 -0.255 -0.256 -0.144 -0.178 -0.149 -0.236 -0.238 -0.314 -0.325 -0.426 -0.436 -0.258
 1901     46     46     44     42     42     42     40     42     43     44     42     44
 1902 -0.083 -0.149 -0.321 -0.423 -0.344 -0.329 -0.298 -0.353 -0.368 -0.449 -0.522 -0.544 -0.349
 1902     46     43     45     44     47     44     46     46     45     45     47     45
 1903 -0.321 -0.136 -0.421 -0.445 -0.441 -0.473 -0.459 -0.492 -0.524 -0.532 -0.533 -0.575 -0.446
 1903     43     45     46     44     47     48     48     45     46     44     45     47
 1904 -0.626 -0.546 -0.649 -0.561 -0.452 -0.403 -0.416 -0.373 -0.358 -0.350 -0.266 -0.330 -0.444
 1904     46     45     47     43     47     45     45     45     47     49     47     51
 1905 -0.470 -0.679 -0.503 -0.549 -0.342 -0.288 -0.280 -0.265 -0.251 -0.342 -0.238 -0.233 -0.370
 1905     48     47     47     47     49     47     50     48     47     49     52     50
 1906 -0.171 -0.319 -0.375 -0.182 -0.251 -0.226 -0.308 -0.238 -0.318 -0.300 -0.503 -0.312 -0.292
 1906     50     54     51     50     49     52     48     52     48     46     47     50
 1907 -0.531 -0.531 -0.426 -0.604 -0.661 -0.556 -0.478 -0.459 -0.382 -0.363 -0.595 -0.483 -0.506
 1907     51     50     49     49     49     50     51     54     54     49     52     53
 1908 -0.432 -0.465 -0.635 -0.515 -0.523 -0.379 -0.387 -0.446 -0.386 -0.516 -0.571 -0.490 -0.479
 1908     50     52     54     53     50     48     51     52     48     52     52     55
 1909 -0.538 -0.514 -0.635 -0.572 -0.529 -0.444 -0.493 -0.285 -0.276 -0.291 -0.287 -0.516 -0.448
 1909     52     50     52     51     51     49     54     51     51     51     53     54
 1910 -0.317 -0.435 -0.441 -0.404 -0.447 -0.460 -0.331 -0.386 -0.372 -0.468 -0.585 -0.640 -0.441
 1910     54     53     50     51     52     51     50     51     51     53     53     52
 1911 -0.520 -0.612 -0.643 -0.666 -0.500 -0.466 -0.383 -0.372 -0.346 -0.409 -0.352 -0.273 -0.462
 1911     57     54     55     52     51     50     53     54     48     51     51     52
 1912 -0.354 -0.260 -0.457 -0.347 -0.354 -0.251 -0.414 -0.507 -0.494 -0.573 -0.461 -0.399 -0.406
 1912     53     52     52     52     54     52     55     55     53     53     51     51
 1913 -0.379 -0.464 -0.602 -0.471 -0.520 -0.516 -0.370 -0.302 -0.346 -0.394 -0.230 -0.133 -0.394
 1913     53     54     53     50     51     52     51     49     52     52     51     55
 1914 -0.063 -0.194 -0.330 -0.368 -0.259 -0.198 -0.183 -0.270 -0.299 -0.140 -0.328 -0.360 -0.249
 1914     53     53     52     48     46     46     43     40     32     37     37     36
 1915 -0.190 -0.004 -0.408 -0.050 -0.218 -0.104 -0.032 -0.159 -0.085 -0.265 -0.169 -0.248 -0.161
 1915     37     35     37     39     35     35     35     39     39     40     38     42
 1916 -0.242 -0.237 -0.529 -0.339 -0.374 -0.433 -0.300 -0.250 -0.275 -0.310 -0.510 -0.658 -0.371
 1916     40     41     40     40     45     43     41     45     43     43     41     42
 1917 -0.514 -0.785 -0.788 -0.503 -0.748 -0.374 -0.252 -0.319 -0.150 -0.411 -0.353 -0.787 -0.499
 1917     43     38     39     37     40     39     38     38     40     44     39     35
 1918 -0.540 -0.557 -0.537 -0.541 -0.598 -0.324 -0.393 -0.417 -0.344 -0.137 -0.231 -0.269 -0.407
 1918     39     36     34     30     30     30     34     37     34     33     33     32
 1919 -0.198 -0.157 -0.355 -0.104 -0.295 -0.232 -0.254 -0.289 -0.171 -0.305 -0.634 -0.484 -0.290
 1919     32     37     38     35     39     39     41     39     40     43     44     39
 1920 -0.246 -0.414 -0.196 -0.275 -0.176 -0.265 -0.333 -0.238 -0.175 -0.304 -0.412 -0.443 -0.290
 1920     40     40     39     38     45     41     45     45     42     45     43     45
 1921 -0.105 -0.242 -0.221 -0.180 -0.131 -0.149 -0.116 -0.304 -0.265 -0.197 -0.438 -0.238 -0.215
 1921     46     47     49     52     49     48     48     54     50     50     50     52
 1922 -0.370 -0.350 -0.336 -0.321 -0.332 -0.311 -0.285 -0.285 -0.310 -0.332 -0.299 -0.325 -0.321
 1922     54     55     52     51     50     52     54     55     54     51     56     56
 1923 -0.195 -0.463 -0.354 -0.452 -0.354 -0.262 -0.382 -0.433 -0.303 -0.224 -0.061 -0.058 -0.295
 1923     58     57     60     55     56     56     55     56     53     55     54     55
 1924 -0.320 -0.308 -0.320 -0.406 -0.322 -0.265 -0.274 -0.287 -0.319 -0.330 -0.391 -0.565 -0.342
 1924     54     57     54     52     56     55     52     57     56     49     55     54
 1925 -0.402 -0.291 -0.256 -0.263 -0.293 -0.282 -0.265 -0.172 -0.244 -0.328 -0.151  0.015 -0.244
 1925     55     55     50     54     53     51     54     51     50     53     58     56
 1926  0.085  0.055 -0.011 -0.203 -0.235 -0.142 -0.195 -0.054 -0.122 -0.082 -0.215 -0.242 -0.113
 1926     55     55     56     53     52     54     54     54     55     58     57     55
 1927 -0.256 -0.108 -0.347 -0.275 -0.278 -0.190 -0.135 -0.153 -0.114 -0.075 -0.205 -0.473 -0.217
 1927     56     58     62     59     59     59     60     61     61     61     60     59
 1928 -0.128 -0.214 -0.400 -0.324 -0.259 -0.280 -0.187 -0.214 -0.170 -0.172 -0.133 -0.194 -0.223
 1928     57     57     59     59     59     57     59     59     59     57     60     57
 1929 -0.430 -0.687 -0.388 -0.397 -0.389 -0.344 -0.349 -0.257 -0.260 -0.143 -0.093 -0.516 -0.354
 1929     59     56     59     56     59     56     57     59     58     59     60     56
 1930 -0.354 -0.207 -0.188 -0.211 -0.233 -0.127 -0.105 -0.079 -0.130 -0.119  0.026 -0.095 -0.152
 1930     59     56     57     58     59     56     58     61     57     59     55     59
 1931  0.007 -0.240 -0.122 -0.161 -0.163 -0.016  0.019 -0.061 -0.097 -0.061 -0.179 -0.084 -0.097
 1931     57     56     59     59     61     59     60     58     58     57     61     61
 1932  0.126 -0.234 -0.307 -0.110 -0.207 -0.139 -0.110 -0.136 -0.030 -0.083 -0.232 -0.188 -0.138
 1932     60     62     62     59     61     59     60     58     59     62     56     63
 1933 -0.276 -0.320 -0.322 -0.218 -0.195 -0.159 -0.132 -0.101 -0.188 -0.147 -0.313 -0.489 -0.238
 1933     66     64     66     63     65     62     65     65     66     61     67     66
 1934 -0.221 -0.151 -0.371 -0.267 -0.090 -0.034 -0.060 -0.046 -0.141 -0.073 -0.056 -0.118 -0.136
 1934     66     66     67     66     63     62     64     64     64     66     65     66
 1935 -0.286  0.171 -0.204 -0.302 -0.285 -0.184 -0.123 -0.122 -0.151 -0.036 -0.311 -0.216 -0.171
 1935     65     66     68     63     64     64     62     64     64     65     63     64
 1936 -0.232 -0.366 -0.239 -0.236 -0.127 -0.086  0.019 -0.014 -0.068 -0.032 -0.046 -0.006 -0.119
 1936     65     65     69     62     62     63     63     64     63     63     64     63
 1937 -0.154  0.080 -0.247 -0.167 -0.056  0.019  0.030  0.108  0.130  0.088  0.013 -0.128 -0.024
 1937     65     64     63     60     61     63     63     63     61     61     63     62
 1938  0.032  0.062  0.147  0.150  0.053  0.032  0.124  0.053  0.124  0.197  0.096 -0.187  0.074
 1938     62     63     62     61     60     60     61     60     58     57     60     60
 1939 -0.042 -0.030 -0.218 -0.116 -0.035  0.094  0.028  0.044 -0.113 -0.207 -0.068  0.160 -0.042
 1939     61     61     61     58     58     55     56     61     54     53     56     54
 1940 -0.402 -0.183 -0.184 -0.100 -0.122  0.016  0.134 -0.070  0.033 -0.077 -0.103  0.084 -0.081
 1940     53     51     50     48     51     51     52     51     50     49     48     52
 1941 -0.040  0.037 -0.114  0.089 -0.050  0.054  0.066  0.028 -0.117  0.211  0.061  0.102  0.027
 1941     53     53     53     50     51     52     54     56     52     50     49     46
 1942  0.143 -0.104 -0.039  0.006  0.007  0.044 -0.084 -0.019  0.042 -0.018 -0.060 -0.124 -0.017
 1942     53     58     58     59     57     57     56     56     54     54     57     54
 1943 -0.249  0.036 -0.221 -0.020  0.071 -0.063  0.082 -0.037  0.024  0.188  0.005  0.162 -0.002
 1943     53     54     56     54     54     55     53     57     57     56     54     56
 1944  0.282  0.133  0.101  0.024  0.107  0.187  0.210  0.213  0.294  0.247  0.062 -0.011  0.154
 1944     59     59     61     61     59     59     58     56     57     57     56     56
 1945  0.036  0.037  0.003  0.161 -0.100  0.004 -0.018  0.301  0.107  0.134 -0.013 -0.189  0.039
 1945     55     58     56     54     52     53     52     50     50     52     52     54
 1946  0.084  0.094 -0.196 -0.002 -0.190 -0.241 -0.105 -0.197 -0.067 -0.041 -0.127 -0.383 -0.114
 1946     54     55     53     58     59     58     62     64     60     61     62     65
 1947 -0.148 -0.186 -0.097 -0.071 -0.129 -0.064 -0.094 -0.086 -0.126  0.043 -0.014 -0.236 -0.101
 1947     64     67     64     65     66     64     67     67     64     62     64     64
 1948  0.018 -0.147 -0.212 -0.091  0.005 -0.019 -0.140 -0.092 -0.093 -0.033 -0.096 -0.205 -0.092
 1948     66     68     65     64     64     64     67     68     65     66     65     67
 1949  0.107 -0.201 -0.187 -0.043 -0.113 -0.150 -0.110 -0.043 -0.058 -0.060 -0.084 -0.230 -0.098
 1949     72     71     72     71     70     71     72     71     72     72     72     74
 1950 -0.329 -0.274 -0.157 -0.209 -0.148 -0.119 -0.139 -0.165 -0.135 -0.170 -0.403 -0.237 -0.207
 1950     75     74     77     72     73     70     73     73     73     70     73     76
 1951 -0.364 -0.462 -0.270 -0.157 -0.089 -0.053 -0.018  0.044  0.091  0.092 -0.036  0.106 -0.093
 1951     79     77     76     74     73     72     73     75     76     76     76     80
 1952  0.106  0.069 -0.121  0.021 -0.007  0.008  0.003  0.018  0.018 -0.056 -0.218 -0.086 -0.020
 1952     78     80     77     78     76     76     75     76     76     76     76     78
 1953  0.051  0.122  0.107  0.112  0.021  0.030 -0.039  0.015  0.047  0.056 -0.071  0.068  0.043
 1953     81     79     78     75     77     75     76     76     75     76     76     77
 1954 -0.221 -0.103 -0.186 -0.212 -0.254 -0.158 -0.254 -0.146 -0.107 -0.112 -0.021 -0.247 -0.168
 1954     78     77     78     75     76     76     75     77     77     77     76     77
 1955  0.053 -0.169 -0.389 -0.290 -0.219 -0.188 -0.192 -0.075 -0.103 -0.115 -0.268 -0.320 -0.190
 1955     78     78     79     76     75     75     74     77     77     75     77     80
 1956 -0.239 -0.379 -0.323 -0.326 -0.323 -0.261 -0.203 -0.242 -0.268 -0.195 -0.295 -0.248 -0.275
 1956     80     81     81     78     75     78     76     76     77     78     79     81
 1957 -0.154 -0.103 -0.115 -0.066  0.013  0.050 -0.019  0.061  0.027 -0.002  0.083  0.168 -0.005
 1957     82     83     83     79     77     77     77     78     78     79     78     81
 1958  0.275  0.174  0.065  0.046  0.045  0.001  0.049  0.017 -0.034  0.013  0.041  0.078  0.064
 1958     82     83     81     80     79     78     78     80     78     79     80     79
 1959  0.110  0.056  0.088  0.062 -0.010  0.053  0.033 -0.011  0.032 -0.061 -0.138 -0.055  0.013
 1959     83     84     83     79     78     77     78     79     79     79     78     84
 1960 -0.020  0.158 -0.296 -0.128 -0.133  0.009  0.006  0.009  0.042 -0.006 -0.118  0.136 -0.029
 1960     84     83     83     81     80     77     80     78     80     79     81     82
 1961  0.028  0.134  0.055  0.069  0.077  0.066 -0.023  0.007 -0.023 -0.079 -0.049 -0.092  0.014
 1961     85     85     83     81     80     81     79     81     80     81     83     83
 1962  0.031  0.087  0.016 -0.020 -0.067 -0.062 -0.022 -0.017 -0.004  0.033  0.024  0.027  0.002
 1962     85     86     86     81     80     80     80     81     82     81     81     83
 1963 -0.042  0.166 -0.123 -0.053 -0.040 -0.021  0.061  0.100  0.085  0.155  0.110  0.016  0.034
 1963     85     84     83     83     80     80     78     80     81     80     82     85
 1964 -0.023 -0.158 -0.277 -0.246 -0.175 -0.185 -0.172 -0.255 -0.283 -0.342 -0.297 -0.414 -0.236
 1964     87     86     85     82     80     80     80     80     82     81     83     86
 1965 -0.195 -0.290 -0.244 -0.273 -0.155 -0.129 -0.217 -0.127 -0.100 -0.055 -0.148 -0.078 -0.168
 1965     85     84     85     83     82     80     79     81     82     82     84     86
 1966 -0.097 -0.080 -0.066 -0.132 -0.120  0.017  0.005 -0.057 -0.018 -0.119 -0.108 -0.218 -0.083
 1966     87     85     85     82     82     80     81     80     83     82     83     83
 1967 -0.172 -0.269 -0.110 -0.094  0.019 -0.125 -0.112 -0.052 -0.096  0.071 -0.107 -0.134 -0.098
 1967     87     87     86     83     82     82     81     81     82     82     82     85
 1968 -0.272 -0.227  0.015 -0.192 -0.209 -0.095 -0.068 -0.055 -0.053 -0.013 -0.050 -0.093 -0.109
 1968     87     85     85     83     83     81     82     82     82     82     83     85
 1969 -0.178 -0.106  0.028  0.104  0.079  0.025  0.076  0.051  0.027  0.039  0.130  0.169  0.037
 1969     89     87     84     83     83     82     82     82     83     82     84     86
 1970  0.068  0.172 -0.040  0.043 -0.042 -0.013 -0.067 -0.079 -0.051 -0.096 -0.070 -0.215 -0.033
 1970     88     86     86     84     83     82     83     82     83     83     84     87
 1971 -0.078 -0.309 -0.286 -0.236 -0.232 -0.246 -0.152 -0.129 -0.126 -0.148 -0.126 -0.206 -0.190
 1971     87     87     86     84     81     82     83     82     83     84     84     86
 1972 -0.350 -0.286 -0.154 -0.065 -0.038  0.022  0.013  0.069 -0.002  0.052  0.016  0.173 -0.046
 1972     88     88     86     84     81     82     82     82     83     84     84     87
 1973  0.187  0.263  0.237  0.137  0.129  0.128  0.074  0.028 -0.023  0.011 -0.071 -0.070  0.086
 1973     88     88     87     83     83     83     83     83     83     84     84     87
 1974 -0.301 -0.314 -0.194 -0.169 -0.146 -0.111 -0.065 -0.073 -0.140 -0.172 -0.174 -0.218 -0.173
 1974     89     88     87     84     83     82     82     83     83     84     84     87
 1975 -0.077 -0.111 -0.092 -0.091 -0.038 -0.082 -0.082 -0.120 -0.066 -0.220 -0.264 -0.281 -0.127
 1975     86     87     85     84     84     82     81     82     83     82     83     84
 1976 -0.197 -0.278 -0.391 -0.153 -0.258 -0.148 -0.156 -0.165 -0.129 -0.294 -0.166 -0.092 -0.202
 1976     85     85     85     83     82     81     81     82     81     82     82     84
 1977 -0.112  0.088  0.140  0.122  0.060  0.123  0.051  0.019  0.067  0.017  0.140 -0.014  0.058
 1977     87     86     85     84     83     82     81     83     82     82     83     87
 1978  0.065  0.027  0.027 -0.030 -0.114 -0.130 -0.031 -0.120 -0.045 -0.092  0.011 -0.041 -0.039
 1978     87     87     87     84     83     81     82     82     82     82     82     87
 1979  0.014 -0.121  0.006 -0.042 -0.023  0.078  0.036  0.114  0.128  0.159  0.138  0.334  0.068
 1979     90     89     88     86     85     84     83     84     84     84     84     88
 1980  0.129  0.148  0.047  0.138  0.203  0.126  0.067  0.056  0.040  0.032  0.162  0.056  0.100
 1980     89     88     87     84     83     83     82     82     82     82     83     87
 1981  0.304  0.202  0.227  0.159  0.067  0.077  0.042  0.090  0.072  0.035  0.074  0.254  0.134
 1981     88     89     89     84     83     83     82     84     82     84     86     86
 1982 -0.007 -0.025 -0.104  0.030  0.051 -0.021 -0.002 -0.011  0.077  0.039 -0.012  0.209  0.019
 1982     88     89     89     86     83     82     83     82     83     84     85     87
 1983  0.373  0.334  0.247  0.188  0.173  0.198  0.207  0.235  0.211  0.114  0.276  0.113  0.222
 1983     88     90     89     86     83     83     82     84     84     84     85     87
 1984  0.130  0.047  0.106  0.037  0.115  0.018  0.061  0.095  0.036  0.012 -0.078 -0.211  0.031
 1984     90     90     87     85     83     83     83     84     84     84     86     87
 1985  0.086 -0.093  0.010 -0.015  0.052 -0.033 -0.018  0.047  0.005  0.029 -0.016  0.086  0.012
 1985     89     90     88     86     84     83     84     84     84     85     86     89
 1986  0.198  0.185  0.120  0.109  0.102  0.116  0.055  0.053  0.076  0.077 -0.029  0.084  0.096
 1986     89     90     89     87     85     83     83     84     84     85     86     88
 1987  0.189  0.339  0.070  0.182  0.199  0.219  0.330  0.270  0.330  0.264  0.252  0.418  0.255
 1987     90     90     89     86     85     84     84     84     84     84     86     89
 1988  0.427  0.297  0.373  0.316  0.248  0.251  0.200  0.220  0.166  0.185  0.038  0.143  0.239
 1988     89     91     89     86     84     83     83     83     83     83     85     88
 1989  0.061  0.159  0.155  0.131  0.107  0.148  0.208  0.206  0.198  0.225  0.132  0.243  0.164
 1989     89     89     88     85     84     83     84     83     83     83     85     87
 1990  0.237  0.283  0.534  0.355  0.282  0.271  0.253  0.291  0.218  0.351  0.360  0.260  0.308
 1990     87     88     87     85     83     83     81     84     82     83     84     86
 1991  0.301  0.385  0.220  0.376  0.296  0.341  0.289  0.222  0.210  0.173  0.107  0.095  0.251
 1991     86     87     86     83     81     82     82     82     82     82     81     84
 1992  0.349  0.306  0.245  0.143  0.144  0.130  0.020  0.035  0.004 -0.021 -0.064  0.097  0.116
 1992     86     84     84     82     82     80     79     81     80     81     83     84
 1993  0.321  0.296  0.262  0.227  0.223  0.169  0.136  0.111  0.051  0.137  0.017  0.194  0.179
 1993     85     85     85     83     80     80     81     81     81     82     82     84
 1994  0.222 -0.032  0.223  0.243  0.244  0.224  0.185  0.224  0.239  0.327  0.361  0.331  0.233
 1994     86     86     85     82     81     81     81     82     82     83     84     85
 1995  0.462  0.558  0.373  0.319  0.281  0.369  0.387  0.415  0.323  0.350  0.361  0.280  0.373
 1995     85     85     87     84     82     82     82     83     83     83     84     85
 1996  0.163  0.343  0.217  0.164  0.256  0.274  0.281  0.228  0.189  0.165  0.166  0.278  0.227
 1996     83     82     80     79     76     77     76     78     79     79     78     82
 1997  0.254  0.348  0.324  0.295  0.299  0.431  0.422  0.444  0.517  0.538  0.488  0.572  0.411
 1997     83     83     83     81     78     80     79     80     79     80     81     82
 1998  0.512  0.824  0.593  0.660  0.613  0.639  0.704  0.670  0.475  0.452  0.345  0.469  0.580
 1998     83     83     83     81     80     80     80     81     79     80     80     83
 1999  0.404  0.607  0.283  0.357  0.296  0.328  0.340  0.287  0.324  0.280  0.197  0.383  0.340
 1999     82     83     82     81     79     80     79     81     80     81     80     82
 2000  0.203  0.429  0.388  0.469  0.304  0.267  0.250  0.365  0.304  0.219  0.123  0.172  0.291
 2000     84     83     81     80     79     78     79     80     79     80     80     81
 2001  0.343  0.307  0.505  0.432  0.456  0.415  0.447  0.502  0.407  0.390  0.523  0.348  0.423
 2001     81     82     82     80     77     78     79     80     79     79     80     82
 2002  0.641  0.680  0.620  0.445  0.429  0.449  0.488  0.395  0.439  0.395  0.423  0.301  0.475
 2002     81     82     82     80     79     77     78     79     79     79     81     82
 2003  0.545  0.430  0.393  0.397  0.450  0.440  0.454  0.518  0.521  0.573  0.429  0.573  0.477
 2003     82     82     82     80     79     78     79     80     79     79     80     83
 2004  0.508  0.619  0.527  0.469  0.295  0.358  0.364  0.436  0.452  0.494  0.586  0.385  0.458
 2004     83     84     82     79     78     77     78     79     79     79     79     83
 2005  0.502  0.355  0.512  0.553  0.494  0.516  0.537  0.510  0.526  0.514  0.493  0.305  0.485
 2005     82     82     80     78     79     78     79     80     80     79     79     80


