Weight
0.62000
0.64000
0.66000
0.68000
0.70000
0.72000
0.74000
0.76000
0.78000
0.80000
0.82000
0.84000
0.86000
0.88000
0.90000
0.92000
0.94000
0.96000
0.98000
1.00000
1.00000
1.00000
1.00000
1.00000
1.00000
1.00000
1.00000
1.00000
1.00000
1.00000
1.00000
1.00000
1.00000
1.00000
1.00000
1.00000
1.00000
1.00000
1.00000
1.00000
1.00000
1.00000
1.00000
1.00000
1.00000
1.00000
1.00000
1.00000
1.00000
1.00000
1.00000
1.00000
1.00000
1.00000
1.00000
1.00000
1.00000
1.00000
1.00000
1.00000
1.00000
1.00000
1.00000
1.00000
1.00000
1.00000
1.00000
1.00000
1.00000
1.00000
1.00000
1.00000
1.00000
1.00000
1.00000
1.00000
1.00000
1.00000
1.00000
1.00000
0.99500
0.99000
0.98500
0.98000
0.97500
0.97000
0.96500
0.96000
0.95500
0.95000
0.94500
0.94000
0.93500
0.93000
0.92500
0.92000
0.91500
0.91000
0.90500
0.90000
0.89500
0.89000
0.88500
0.88000
0.87500
0.87000
0.86500
0.86000
0.85500
0.85000
0.84500
0.84000
0.83500
0.83000
0.82500
0.82000
0.81500
0.81000
0.80500
0.80000
0.79500
0.79000
0.78500
0.78000
0.77500
0.77000
0.76500
0.76000
0.75500
0.75000
0.74500
0.74000
0.73500
0.73000
0.72500
0.72000
0.71500
0.71000
0.70500
0.70000
0.69500
0.69000
0.68500
0.68000
0.67500
0.67000
0.66500
0.66000
0.65500
0.65000
0.64500
0.64000
0.63500
0.63000
0.62500
0.62000
0.61500
0.61000
0.60500
0.60000
0.59900
0.59800
0.59700
0.59600
0.59500
0.59400
0.59300
0.59200
0.59100
0.59000
0.58900
0.58800
0.58700
0.58600
0.58500
0.58400
0.58300
0.58200
0.58100
0.58000
0.57900
0.57800
0.57700
0.57600
0.57500
0.57400
0.57300
0.57200
0.57100
0.57000
0.56900
0.56800
0.56700
0.56600
0.56500
0.56400
0.56300
0.56200
0.56100
0.56000
0.55900
0.55800
0.55700
0.55600
0.55500
0.55400
0.55300
0.55200
0.55100
0.55000
0.54900
0.54800
0.54700
0.54600
0.54500
0.54400
0.54300
0.54200
0.54100
0.54000
0.53900
0.53800
0.53700
0.53600
0.53500
0.53400
0.53300
0.53200
0.53100
0.53000
0.52900
0.52800
0.52700
0.52600
0.52500
0.52400
0.52300
0.52200
0.52100
0.52000
0.51900
0.51800
0.51700
0.51600
0.51500
0.51400
0.51300
0.51200
0.51100
0.51000
0.50900
0.50800
0.50700
0.50600
0.50500
0.50400
0.50300
0.50200
0.50100
0.50000
0.49900
0.49800
0.49700
0.49600
0.49500
0.49400
0.49300
0.49200
0.49100
0.49000
0.48900
0.48800
0.48700
0.48600
0.48500
0.48400
0.48300
0.48200
0.48100
0.48000
0.47900
0.47800
0.47700
0.47600
0.47500
0.47400
0.47300
0.47200
0.47100
0.47000
0.46900
0.46800
0.46700
0.46600
0.46500
0.46400
0.46300
0.46200
0.46100
0.46000
0.45900
0.45800
0.45700
0.45600
0.45500
0.45400
0.45300
0.45200
0.45100
0.45000
0.44900
0.44800
0.44700
0.44600
0.44500
0.44400
0.44300
0.44200
0.44100
0.44000
0.43900
0.43800
0.43700
0.43600
0.43500
0.43400
0.43300
0.43200
0.43100
0.43000
0.42900
0.42800
0.42700
0.42600
0.42500
0.42400
0.42300
0.42200
0.42100
0.42000
0.41900
0.41800
0.41700
0.41600
0.41500
0.41400
0.41300
0.41200
0.41100
0.41000
0.40900
0.40800
0.40700
0.40600
0.40500
0.40400
0.40300
0.40200
0.40100
0.40000
0.39975
0.39950
0.39925
0.39900
0.39875
0.39850
0.39825
0.39800
0.39775
0.39750
0.39725
0.39700
0.39675
0.39650
0.39625
0.39600
0.39575
0.39550
0.39525
0.39500
0.39475
0.39450
0.39425
0.39400
0.39375
0.39350
0.39325
0.39300
0.39275
0.39250
0.39225
0.39200
0.39175
0.39150
0.39125
0.39100
0.39075
0.39050
0.39025
0.39000
0.38975
0.38950
0.38925
0.38900
0.38875
0.38850
0.38825
0.38800
0.38775
0.38750
0.38725
0.38700
0.38675
0.38650
0.38625
0.38600
0.38575
0.38550
0.38525
0.38500
0.38475
0.38450
0.38425
0.38400
0.38375
0.38350
0.38325
0.38300
0.38275
0.38250
0.38225
0.38200
0.38175
0.38150
0.38125
0.38100
0.38075
0.38050
0.38025
0.38000
0.37975
0.37950
0.37925
0.37900
0.37875
0.37850
0.37825
0.37800
0.37775
0.37750
0.37725
0.37700
0.37675
0.37650
0.37625
0.37600
0.37575
0.37550
0.37525
0.37500
0.37475
0.37450
0.37425
0.37400
0.37375
0.37350
0.37325
0.37300
0.37275
0.37250
0.37225
0.37200
0.37175
0.37150
0.37125
0.37100
0.37075
0.37050
0.37025
0.37000
0.36975
0.36950
0.36925
0.36900
0.36875
0.36850
0.36825
0.36800
0.36775
0.36750
0.36725
0.36700
0.36675
0.36650
0.36625
0.36600
0.36575
0.36550
0.36525
0.36500
